56 49 55 
54 51 49 26 
42 41 25 24 
48 47 25 27 11 
43 11 26 27 
60 48 58 59 
61 48 58 60 59 57 55 
62 55 58 59 48 57 41 61 60 
63 59 48 62 57 58 61 60 55 
64 55 62 48 63 58 61 60 59 57 11 
49 26 11 
66 64 58 59 62 65 48 63 61 60 
67 57 
68 25 11 24 27 48 41 
69 25 68 11 24 27 48 41 
52 51 39 
53 51 
24 23 11 
25 24 23 11 
26 24 11 16 25 
27 11 23 25 24 26 
20 16 17 18 19 
21 16 17 18 19 20 
22 16 17 18 19 20 21 
23 16 17 18 19 20 21 22 12 11 
46 
47 46 
44 28 11 
45 28 
28 11 27 
29 23 27 11 
40 25 
41 24 25 
1 0 
0 
3 0 2 
2 0 
5 0 
4 0 
7 0 
6 0 
9 0 
8 0 
51 49 26 11 
39 25 
65 63 64 48 62 58 61 60 59 57 55 
76 64 65 66 63 62 48 58 
75 69 68 25 48 41 70 71 
38 34 35 36 37 11 29 
73 48 
72 26 27 11 
71 27 69 68 70 11 48 41 25 
70 25 69 68 11 24 27 41 58 
59 58 55 48 57 
58 55 48 27 57 11 
11 10 3 2 0 
10 
13 11 
12 11 
15 11 
14 11 
17 16 
16 
19 16 17 18 
18 16 17 
31 30 11 23 27 
30 23 
37 34 35 36 11 29 
36 34 35 11 29 
35 11 34 29 
34 11 29 
33 11 27 
55 51 49 39 54 26 11 16 25 41 48 
74 48 73 
32 11 
57 55 41 48 
50 49 24 
